<?xml version="1.0"?>
<opencv_storage>
<calibration_Time>"Thu Jan 15 18:57:36 2015"</calibration_Time>
<nrOfFrames>10</nrOfFrames>
<image_Width>1280</image_Width>
<image_Height>1024</image_Height>
<board_Width>9</board_Width>
<board_Height>6</board_Height>
<square_Size>36.</square_Size>
<FixAspectRatio>1.</FixAspectRatio>
<flagValue>14</flagValue>
<Camera_Matrix type_id="opencv-matrix">
  <rows>3</rows>
  <cols>3</cols>
  <dt>d</dt>
  <data>
    1.1756577954840388e+03 0. 6.3950000000000000e+02 0.
    1.1756577954840388e+03 5.1150000000000000e+02 0. 0. 1.</data></Camera_Matrix>
<Distortion_Coefficients type_id="opencv-matrix">
  <rows>5</rows>
  <cols>1</cols>
  <dt>d</dt>
  <data>
    -2.1586999481821620e-01 2.1469796724749474e-01 0. 0.
    -1.6963652328288387e-01</data></Distortion_Coefficients>
<Avg_Reprojection_Error>7.5810704868140499e-01</Avg_Reprojection_Error>
<Per_View_Reprojection_Errors type_id="opencv-matrix">
  <rows>10</rows>
  <cols>1</cols>
  <dt>f</dt>
  <data>
    6.73329592e-01 6.24339521e-01 5.87461591e-01 1.11193478e+00
    9.91930962e-01 7.51299977e-01 7.98974335e-01 7.10442066e-01
    6.78640127e-01 4.12990719e-01</data></Per_View_Reprojection_Errors>
<Extrinsic_Parameters type_id="opencv-matrix">
  <rows>10</rows>
  <cols>6</cols>
  <dt>d</dt>
  <data>
    2.3107842011643828e-01 1.1710111979291054e+00 2.8639944205381602e+00
    1.1349896290961594e+02 9.1868434495705287e+01 3.2289993449716530e+02
    2.1035936279198802e-01 1.1652938665239772e+00 2.8357750983222143e+00
    1.0543491768638040e+02 4.2900652920085960e+01 3.7297633560208362e+02
    2.1771715075624576e-01 1.1695844219914560e+00 2.8446167251327448e+00
    7.3902792457888452e+01 -1.1550793596333895e+01
    4.3377259577394494e+02 1.9986607401338594e-01 1.0246059198668702e+00
    2.8234059507027784e+00 1.3558109722128162e+02
    -1.2808425132017096e+01 3.8776967571132082e+02
    -3.8542534329293948e-01 -9.4265739912910052e-01
    -2.7276547510754807e+00 3.2074839561670132e+01
    -5.9717381942849791e+01 4.4996371826239982e+02
    -3.9716705139529207e-01 -9.3355376280736790e-01
    -2.7033851745762822e+00 1.4959509270234855e+02
    -4.5583021496633179e+01 4.1121496976150780e+02
    -3.0871142514588223e-01 -1.0293980150180224e+00
    -2.9067420869906342e+00 1.3113566890730064e+02
    6.2314879928515325e+01 3.2589671405777830e+02
    -3.3315843386213156e-01 7.3508047180317104e-01
    1.6784715899467153e+00 1.9028523305202310e+02
    -1.4208176438872769e+02 4.8189273729535677e+02
    -4.6042193803105158e-01 6.0723785773880401e-01
    1.2487680131530992e+00 -4.0176801508614474e+01
    -1.8255104953378572e+02 5.6751294236244155e+02
    3.4203163477826332e-01 4.7825225965062845e-01 3.0490874648015924e+00
    2.0231847215553415e+02 -1.1839616901442342e+00
    4.1875431783939473e+02</data></Extrinsic_Parameters>
<Image_points type_id="opencv-matrix">
  <rows>10</rows>
  <cols>54</cols>
  <dt>"2f"</dt>
  <data>
    1.03751099e+03 8.33600647e+02 9.12426025e+02 8.44767090e+02
    7.87133789e+02 8.53882019e+02 6.62787170e+02 8.61543579e+02
    5.42169312e+02 8.67218079e+02 4.25984711e+02 8.71556763e+02
    3.14427673e+02 8.74566467e+02 2.09117203e+02 8.76632263e+02
    1.09429123e+02 8.78071838e+02 1.01493353e+03 7.28199280e+02
    8.97603760e+02 7.40048523e+02 7.80179321e+02 7.48340454e+02
    6.63626953e+02 7.57274048e+02 5.50403259e+02 7.64468933e+02
    4.40509155e+02 7.69786255e+02 3.34799316e+02 7.74437805e+02
    2.35412109e+02 7.79220337e+02 1.40616196e+02 7.82711792e+02
    9.94121094e+02 6.35353577e+02 8.83892822e+02 6.46897461e+02
    7.73885315e+02 6.56190613e+02 6.64404053e+02 6.65044739e+02
    5.57470581e+02 6.72041382e+02 4.53686981e+02 6.78465576e+02
    3.53918213e+02 6.85330627e+02 2.59292175e+02 6.91728455e+02
    1.69261276e+02 6.96947632e+02 9.74993713e+02 5.52439636e+02
    8.71427124e+02 5.64238159e+02 7.67926392e+02 5.73227173e+02
    6.64802856e+02 5.81940735e+02 5.64364136e+02 5.90326233e+02
    4.66597534e+02 5.98258728e+02 3.71995789e+02 6.05793579e+02
    2.81710571e+02 6.12731689e+02 1.95842545e+02 6.19760620e+02
    9.57481140e+02 4.79592621e+02 8.59778442e+02 4.90836334e+02
    7.62435730e+02 5.00492798e+02 6.65419983e+02 5.09434326e+02
    5.70529785e+02 5.17888977e+02 4.78213043e+02 5.26451904e+02
    3.88307922e+02 5.34605103e+02 3.02466858e+02 5.42656738e+02
    2.20067886e+02 5.50057678e+02 9.41483032e+02 4.15371765e+02
    8.49342224e+02 4.25529388e+02 7.57405334e+02 4.35050964e+02
    6.65690430e+02 4.43698395e+02 5.76121216e+02 4.52900513e+02
    4.88500031e+02 4.61636475e+02 4.03138184e+02 4.70349518e+02
    3.21135925e+02 4.78592651e+02 2.42575592e+02 4.87158203e+02
    9.65888123e+02 6.44563782e+02 8.55766479e+02 6.57576111e+02
    7.45494141e+02 6.69361084e+02 6.35562561e+02 6.80571960e+02
    5.28371216e+02 6.90810547e+02 4.24572968e+02 7.00291748e+02
    3.24052795e+02 7.09109314e+02 2.28421341e+02 7.17118103e+02
    1.37185196e+02 7.24340088e+02 9.45185242e+02 5.61367188e+02
    8.41570007e+02 5.74748657e+02 7.37759338e+02 5.85331482e+02
    6.34470459e+02 5.97279053e+02 5.33646057e+02 6.08181946e+02
    4.35447540e+02 6.17667603e+02 3.40052979e+02 6.27204468e+02
    2.49485916e+02 6.36834717e+02 1.62542480e+02 6.45304993e+02
    9.26188599e+02 4.88031952e+02 8.28636597e+02 5.01041260e+02
    7.30952698e+02 5.12219604e+02 6.33664307e+02 5.23516968e+02
    5.38252869e+02 5.33510498e+02 4.45186554e+02 5.43444092e+02
    3.55025879e+02 5.54180725e+02 2.68846130e+02 5.64598511e+02
    1.85993759e+02 5.73965698e+02 9.08841248e+02 4.22355927e+02
    8.16765991e+02 4.35417084e+02 7.24721008e+02 4.45994354e+02
    6.32784607e+02 4.56883789e+02 5.42853882e+02 4.67690369e+02
    4.55048370e+02 4.78407074e+02 3.69340546e+02 4.89102875e+02
    2.86863098e+02 4.99342438e+02 2.07917114e+02 5.09612274e+02
    8.93124939e+02 3.64411926e+02 8.06036499e+02 3.76848114e+02
    7.19070801e+02 3.87869507e+02 6.32223022e+02 3.98621765e+02
    5.47014709e+02 4.09116913e+02 4.63722229e+02 4.19849030e+02
    3.82229767e+02 4.30602570e+02 3.03748566e+02 4.41398346e+02
    2.27873520e+02 4.51570892e+02 8.78807678e+02 3.13274017e+02
    7.96271240e+02 3.24317902e+02 7.13875549e+02 3.35209869e+02
    6.31504883e+02 3.45440613e+02 5.50870178e+02 3.56347656e+02
    4.71754547e+02 3.67135315e+02 3.94093170e+02 3.77756439e+02
    3.18984009e+02 3.88292664e+02 2.46596100e+02 3.99227020e+02
    8.38832825e+02 4.80777924e+02 7.42736572e+02 4.91592896e+02
    6.47274963e+02 5.01752563e+02 5.52800171e+02 5.11951813e+02
    4.61425262e+02 5.21607300e+02 3.72818512e+02 5.31375366e+02
    2.87021057e+02 5.40779907e+02 2.05068665e+02 5.49721069e+02
    1.26530457e+02 5.58248535e+02 8.27494019e+02 4.16548645e+02
    7.36839294e+02 4.28035431e+02 6.46535645e+02 4.37128815e+02
    5.57433960e+02 4.48016663e+02 4.70867462e+02 4.58432770e+02
    3.86475311e+02 4.67804657e+02 3.04649078e+02 4.77441803e+02
    2.26506058e+02 4.87609802e+02 1.51313477e+02 4.96759399e+02
    8.17291931e+02 3.59747559e+02 7.31491089e+02 3.71122620e+02
    6.46267334e+02 3.80983063e+02 5.61779114e+02 3.91279358e+02
    4.79367249e+02 4.00579010e+02 3.98916962e+02 4.10182281e+02
    3.21077179e+02 4.20717865e+02 2.46314575e+02 4.31304230e+02
    1.74135117e+02 4.40958252e+02 8.07784790e+02 3.08359009e+02
    7.26593628e+02 3.20004517e+02 6.45787415e+02 3.29470032e+02
    5.65574585e+02 3.39471222e+02 4.87429688e+02 3.49593079e+02
    4.11169189e+02 3.59685852e+02 3.36603119e+02 3.70051910e+02
    2.64646545e+02 3.79944550e+02 1.95490036e+02 3.90245636e+02
    7.99289490e+02 2.62834259e+02 7.22226196e+02 2.74081085e+02
    6.45505188e+02 2.84125732e+02 5.69313110e+02 2.93952423e+02
    4.94686676e+02 3.03627258e+02 4.21991302e+02 3.13692596e+02
    3.50683716e+02 3.24001129e+02 2.81818909e+02 3.34298584e+02
    2.15151962e+02 3.44103638e+02 7.91553772e+02 2.22354309e+02
    7.18103333e+02 2.32459335e+02 6.45116760e+02 2.42425842e+02
    5.72441284e+02 2.51749252e+02 5.01490417e+02 2.61867340e+02
