<?xml version="1.0"?>
<opencv_storage>
<calibration_Time>"Mon Nov 17 17:18:02 2014"</calibration_Time>
<nrOfFrames>19</nrOfFrames>
<image_Width>1280</image_Width>
<image_Height>1024</image_Height>
<board_Width>9</board_Width>
<board_Height>6</board_Height>
<square_Size>18.</square_Size>
<FixAspectRatio>1.</FixAspectRatio>
<flagValue>14</flagValue>
<Camera_Matrix type_id="opencv-matrix">
  <rows>3</rows>
  <cols>3</cols>
  <dt>d</dt>
  <data>
    1.5295669515536713e+03 0. 6.3950000000000000e+02 0.
    1.5295669515536713e+03 5.1150000000000000e+02 0. 0. 1.</data></Camera_Matrix>
<Distortion_Coefficients type_id="opencv-matrix">
  <rows>5</rows>
  <cols>1</cols>
  <dt>d</dt>
  <data>
    -2.3117843031703630e-01 8.0639422114709258e-02 0. 0.
    3.6031233687631747e-01</data></Distortion_Coefficients>
<Avg_Reprojection_Error>3.3297382322085950e-01</Avg_Reprojection_Error>
<Per_View_Reprojection_Errors type_id="opencv-matrix">
  <rows>19</rows>
  <cols>1</cols>
  <dt>f</dt>
  <data>
    5.12254357e-01 3.47020507e-01 2.88952827e-01 2.96964705e-01
    3.22696775e-01 3.71166199e-01 3.14303815e-01 3.10039014e-01
    2.75046349e-01 2.81629622e-01 3.00371140e-01 3.11928302e-01
    2.63514608e-01 2.66793638e-01 3.37041855e-01 4.45543319e-01
    2.63948023e-01 3.97835284e-01 3.03459138e-01</data></Per_View_Reprojection_Errors>
<Extrinsic_Parameters type_id="opencv-matrix">
  <rows>19</rows>
  <cols>6</cols>
  <dt>d</dt>
  <data>
    -1.8411081221636078e-01 -1.0784611307106668e+00
    -2.8737507872479884e+00 1.7636874375932655e+02
    -9.4742963077513352e+01 4.4940011706459910e+02
    -1.8638497234765422e-01 -1.0726140046634562e+00
    -2.8625995255246046e+00 1.5884960198657708e+02
    -9.5001459291264098e+01 4.5198023235434709e+02
    -1.7956267083791769e-01 -1.0741639563126377e+00
    -2.8735288086029112e+00 1.3193825086696037e+02
    -9.1614033234179814e+01 4.5237669600127100e+02
    -1.8111081862366404e-01 -1.0712212470862095e+00
    -2.8685788100145380e+00 1.0320594299047960e+02
    -9.1685690525863777e+01 4.5572879180205553e+02
    1.3133349193440286e-01 1.0951635725847966e+00 2.9193692598905199e+00
    4.4522623123382161e+01 -9.5494839700640370e+01
    4.6549862299433272e+02 -1.7376548523903487e-01
    -1.0797771088551882e+00 -2.8903457052396018e+00
    4.8418154791475709e+00 -9.4206521148572122e+01
    4.6877581234887253e+02 -1.6892376595595260e-01
    -1.0853326199407767e+00 -2.9002552555049381e+00
    -2.4856680420703729e+01 -9.8312130607753446e+01
    4.7552884576397219e+02 -1.6376721860833757e-01
    -1.0912186573961120e+00 -2.9088545097216070e+00
    -5.0125947786886734e+01 -1.0076185010888859e+02
    4.8043388439499972e+02 -1.2011433415982464e-02
    1.0193969137681549e+00 2.6816460023347437e+00
    -3.4191909625910498e+01 -7.8446955485159577e+01
    4.5915382277659796e+02 -3.9205849763881320e-02
    1.0054780876759166e+00 2.6329612312676614e+00
    -1.1402404546324197e+01 -5.5338184912088124e+01
    4.3647575312032291e+02 -3.3798775649039568e-02
    1.0087794716055922e+00 2.6422039807976301e+00 3.3468266318675224e+00
    -1.3670053720844605e+01 3.9847257177602256e+02
    2.0307276627092206e-04 1.0306923662145533e+00 2.7018037591881763e+00
    2.1376435572180693e+01 4.4137241774468194e+01 3.4576455773683438e+02
    -1.4936589523716134e-01 -1.0964812288094812e+00
    -2.9358939773864647e+00 6.8747469192627008e+01
    7.8205334730810165e+01 3.1092435993434214e+02 1.4060802849464232e-01
    1.0949354947244199e+00 2.9301486227406222e+00 1.0397407771188730e+02
    7.8693273555765074e+01 3.0645058524623374e+02
    -2.4422186272068713e-01 -1.0148907795584010e+00
    -2.7592475698241725e+00 1.1887033482005509e+02
    4.1168597240100482e+01 3.3782006273229496e+02
    -6.7170368110150758e-01 -3.9245704560647515e-01
    -1.2782881798153782e+00 2.2625474448647321e+01
    3.3776463418706584e+01 3.5569937200510839e+02
    -7.1748298766666807e-01 -1.7311033867404499e-01
    -7.0915452777956423e-01 -7.8666828851386356e+01
    -3.2448975750803953e+01 4.2477133064665696e+02
    -7.2673643105414054e-01 -7.6976732647139334e-02
    -4.6129843603403725e-01 -3.4065179475661552e+01
    -6.2447969134269092e+00 3.9695563121930553e+02
    -7.1332149502368303e-01 1.0769505581631476e-01
    2.9100816875667949e-02 -1.1788670830339213e+02
    -5.3530310525130965e+01 4.4765587238697685e+02</data></Extrinsic_Parameters>
