<?xml version="1.0"?>
<opencv_storage>
<calibration_Time>"Fri Mar 13 11:25:17 2015"</calibration_Time>
<nrOfFrames>10</nrOfFrames>
<image_Width>1280</image_Width>
<image_Height>720</image_Height>
<board_Width>9</board_Width>
<board_Height>6</board_Height>
<square_Size>36.</square_Size>
<FixAspectRatio>1.</FixAspectRatio>
<flagValue>14</flagValue>
<Camera_Matrix type_id="opencv-matrix">
  <rows>3</rows>
  <cols>3</cols>
  <dt>d</dt>
  <data>
    9.5636532243468923e+02 0. 6.3950000000000000e+02 0.
    9.5636532243468923e+02 3.5950000000000000e+02 0. 0. 1.</data></Camera_Matrix>
<Distortion_Coefficients type_id="opencv-matrix">
  <rows>5</rows>
  <cols>1</cols>
  <dt>d</dt>
  <data>
    1.9309421131542906e-01 -1.0109987630827189e+00 0. 0.
    1.9347636708829992e+00</data></Distortion_Coefficients>
<Avg_Reprojection_Error>6.4827942998093491e-01</Avg_Reprojection_Error>
<Per_View_Reprojection_Errors type_id="opencv-matrix">
  <rows>10</rows>
  <cols>1</cols>
  <dt>f</dt>
  <data>
    6.06191278e-01 6.65055573e-01 6.70318663e-01 6.56163692e-01
    7.91508317e-01 6.05025291e-01 5.17750502e-01 5.22570729e-01
    5.27158141e-01 8.37517142e-01</data></Per_View_Reprojection_Errors>
<Extrinsic_Parameters type_id="opencv-matrix">
  <rows>10</rows>
  <cols>6</cols>
  <dt>d</dt>
  <data>
    1.9632992590107595e-01 -6.4787191669158284e-01
    -3.0669671163924335e+00 1.6622815065158386e+02
    1.0312684503707537e+02 4.3400289075757206e+02
    -2.0205616119148984e-01 6.3631957227566693e-01
    3.0550162290139995e+00 1.5973574182274720e+02 9.3656556794829086e+01
    4.3333536619408846e+02 -2.0312462770034453e-01
    6.3642164368178444e-01 3.0650773890647791e+00 1.6392531189397963e+02
    9.1961724694548579e+01 4.3461835782601440e+02
    -2.0427377448419137e-01 6.3578039044919576e-01
    3.0674156256678917e+00 1.6308072195454923e+02 9.2782336507632365e+01
    4.3512068950999668e+02 2.7200113474705917e-01
    -5.8249608567352984e-01 -2.9994386583596366e+00
    1.2468352771838774e+02 8.5185065853440321e+01 4.3849250283499759e+02
    1.9732436189588123e-01 -5.8639874885141430e-01
    -3.0591209061658988e+00 1.5696864834538590e+02
    7.7357852205133710e+01 4.3765904643160627e+02
    -9.5834199899735115e-02 5.5269921666354105e-01
    3.0275081039849630e+00 1.9826094478955235e+02 4.2829213277082971e+01
    4.3196343188129958e+02 -1.2341704495376964e-01
    5.8776510334648513e-01 3.0146147341263112e+00 1.9453941053746786e+02
    5.2560715582634735e+01 4.3671210160877627e+02
    -1.5429107170074344e-01 7.1707779500437663e-01
    2.9911173896550642e+00 1.9128603723307461e+02 8.6156278044780592e+01
    4.4207945073172027e+02 -2.0260031191935099e-01
    8.0004141967270181e-01 2.9894113857607283e+00 1.7573430048681163e+02
    5.7977600773326998e+01 4.4230224383871138e+02</data></Extrinsic_Parameters>
<Image_points type_id="opencv-matrix">
  <rows>10</rows>
  <cols>54</cols>
  <dt>"2f"</dt>
  <data>
    1.01087451e+03 5.89268250e+02 9.33586853e+02 5.89074585e+02
    8.55156006e+02 5.88704590e+02 7.74592163e+02 5.88696594e+02
    6.93532898e+02 5.88600281e+02 6.10611694e+02 5.89124756e+02
    5.25301147e+02 5.89696472e+02 4.37861603e+02 5.90650818e+02
    3.48335175e+02 5.91854553e+02 9.96357300e+02 5.10517334e+02
    9.21596802e+02 5.09621185e+02 8.45629578e+02 5.08702026e+02
    7.67727722e+02 5.08301849e+02 6.89530396e+02 5.07559509e+02
    6.09682800e+02 5.06913513e+02 5.27552979e+02 5.06641968e+02
    4.43548279e+02 5.06410980e+02 3.57243469e+02 5.06535828e+02
    9.83017456e+02 4.37288422e+02 9.10577332e+02 4.35516266e+02
    8.36820312e+02 4.34406769e+02 7.61524353e+02 4.33291809e+02
    6.85961670e+02 4.31922028e+02 6.09006104e+02 4.30494537e+02
    5.29664001e+02 4.29400696e+02 4.48586548e+02 4.28321106e+02
    3.65212402e+02 4.26900391e+02 9.70443665e+02 3.68194366e+02
    9.00310059e+02 3.66264954e+02 8.28844666e+02 3.64417908e+02
    7.55971497e+02 3.62673706e+02 6.82867004e+02 3.60697357e+02
    6.08325500e+02 3.58766357e+02 5.31534485e+02 3.56725922e+02
    4.53215179e+02 3.54780579e+02 3.72635345e+02 3.52551819e+02
    9.58898376e+02 3.03581055e+02 8.91181824e+02 3.00717499e+02
    8.21581238e+02 2.98815552e+02 7.50934021e+02 2.96721252e+02
    6.79994751e+02 2.94258667e+02 6.07585449e+02 2.91595123e+02
    5.33191956e+02 2.88846619e+02 4.57185486e+02 2.86091095e+02
    3.79046936e+02 2.82569122e+02 9.48624939e+02 2.42291962e+02
    8.82319946e+02 2.39583267e+02 8.14930054e+02 2.37283768e+02
    7.46342896e+02 2.34444962e+02 6.77340271e+02 2.31399277e+02
    6.06898926e+02 2.28203140e+02 5.34526062e+02 2.24572754e+02
    4.60611298e+02 2.20294235e+02 3.85002747e+02 2.16625854e+02
    9.96547180e+02 5.67998413e+02 9.19302124e+02 5.69019287e+02
    8.40668823e+02 5.69850220e+02 7.60036865e+02 5.71085449e+02
    6.78805359e+02 5.72224915e+02 5.95480957e+02 5.73900757e+02
    5.09450745e+02 5.75745911e+02 4.21320068e+02 5.78137085e+02
    3.30736084e+02 5.80591553e+02 9.81578247e+02 4.90020233e+02
    9.06802673e+02 4.90215790e+02 8.30707214e+02 4.90349792e+02
    7.52668457e+02 4.90924896e+02 6.74194702e+02 4.91431274e+02
    5.93879639e+02 4.91845856e+02 5.11057526e+02 4.92768951e+02
    4.26193909e+02 4.93633575e+02 3.38850952e+02 4.94995819e+02
    9.67723572e+02 4.17077911e+02 8.95338074e+02 4.16475616e+02
    8.21450073e+02 4.16363281e+02 7.45875305e+02 4.16318665e+02
    6.70000183e+02 4.15948425e+02 5.92491699e+02 4.15506714e+02
    5.12461243e+02 4.15418213e+02 4.30563538e+02 4.15386139e+02
    3.46064423e+02 4.15096863e+02 9.54621033e+02 3.48502686e+02
    8.84475525e+02 3.47426392e+02 8.12861877e+02 3.46508362e+02
    7.39720642e+02 3.45790985e+02 6.66269836e+02 3.44745270e+02
    5.91114990e+02 3.43719818e+02 5.13562927e+02 3.42597198e+02
    4.34369507e+02 3.41555328e+02 3.52734589e+02 3.40359833e+02
    9.42719910e+02 2.84053345e+02 8.74761780e+02 2.82328613e+02
    8.05116333e+02 2.81231781e+02 7.34138489e+02 2.79871918e+02
    6.62674194e+02 2.78294617e+02 5.89663086e+02 2.76432159e+02
    5.14517944e+02 2.74560333e+02 4.37614258e+02 2.72472504e+02
    3.58511353e+02 2.69837311e+02 9.32062317e+02 2.23040573e+02
    8.65539490e+02 2.21251175e+02 7.97843018e+02 2.19610504e+02
    7.28959473e+02 2.17522293e+02 6.59491333e+02 2.15236969e+02
    5.88411072e+02 2.12697113e+02 5.15265259e+02 2.09802750e+02
    4.40403687e+02 2.06297302e+02 3.63692261e+02 2.03417206e+02
    1.00484943e+03 5.63566345e+02 9.27895752e+02 5.63688477e+02
    8.49596741e+02 5.63688599e+02 7.69309570e+02 5.63978088e+02
    6.88412170e+02 5.64203491e+02 6.05501404e+02 5.64867432e+02
    5.20016968e+02 5.65700623e+02 4.32406616e+02 5.66984253e+02
    3.42419800e+02 5.68442993e+02 9.90520752e+02 4.86033112e+02
    9.15930237e+02 4.85399475e+02 8.40160461e+02 4.84618286e+02
    7.62301514e+02 4.84419342e+02 6.84173584e+02 4.84072723e+02
    6.04366150e+02 4.83559418e+02 5.21999756e+02 4.83530334e+02
    4.37602264e+02 4.83403625e+02 3.50844879e+02 4.83705444e+02
    9.77146667e+02 4.13421539e+02 9.04995422e+02 4.12024017e+02
    8.31248474e+02 4.11092194e+02 7.55954834e+02 4.10260986e+02
    6.80438721e+02 4.09168152e+02 6.03284912e+02 4.07741333e+02
    5.23629517e+02 4.06699432e+02 4.42259735e+02 4.05815155e+02
    3.58388977e+02 4.04579498e+02 9.64476196e+02 3.44932281e+02
    8.94507690e+02 3.43238586e+02 8.23208069e+02 3.41576874e+02
    7.50361328e+02 3.40195374e+02 6.77119019e+02 3.38403046e+02
    6.02307678e+02 3.36498566e+02 5.25226440e+02 3.34587494e+02
    4.46447174e+02 3.32604248e+02 3.65380737e+02 3.30490082e+02
    9.53080566e+02 2.80716827e+02 8.85380981e+02 2.78322968e+02
    8.15758484e+02 2.76470154e+02 7.45036072e+02 2.74515442e+02
    6.74020935e+02 2.72007416e+02 6.01341675e+02 2.69532562e+02
    5.26461853e+02 2.66825531e+02 4.50060242e+02 2.63913269e+02
    3.71417633e+02 2.60614349e+02 9.42753479e+02 2.19647339e+02
    8.76517517e+02 2.17322968e+02 8.09050537e+02 2.14940216e+02
    7.40317078e+02 2.12283829e+02 6.71032532e+02 2.09313202e+02
