<?xml version="1.0"?>
<opencv_storage>
<calibration_Time>"Wed Apr  1 11:21:56 2015"</calibration_Time>
<nrOfFrames>10</nrOfFrames>
<image_Width>2592</image_Width>
<image_Height>1944</image_Height>
<board_Width>9</board_Width>
<board_Height>6</board_Height>
<square_Size>36.</square_Size>
<FixAspectRatio>1.</FixAspectRatio>
<flagValue>14</flagValue>
<Camera_Matrix type_id="opencv-matrix">
  <rows>3</rows>
  <cols>3</cols>
  <dt>d</dt>
  <data>
    2.2608695736218128e+03 0. 1.2955000000000000e+03 0.
    2.2608695736218128e+03 9.7150000000000000e+02 0. 0. 1.</data></Camera_Matrix>
<Distortion_Coefficients type_id="opencv-matrix">
  <rows>5</rows>
  <cols>1</cols>
  <dt>d</dt>
  <data>
    -2.4318973682973671e-01 6.8159312078781598e-01 0. 0.
    -4.5426606060547015e-01</data></Distortion_Coefficients>
<Avg_Reprojection_Error>8.2928295337606883e+00</Avg_Reprojection_Error>
<Per_View_Reprojection_Errors type_id="opencv-matrix">
  <rows>10</rows>
  <cols>1</cols>
  <dt>f</dt>
  <data>
    1.61242962e+01 1.70339184e+01 8.74845219e+00 4.78296423e+00
    2.61000586e+00 2.89484835e+00 2.79939890e+00 2.86553431e+00
    1.73978269e+00 1.97070658e+00</data></Per_View_Reprojection_Errors>
<Extrinsic_Parameters type_id="opencv-matrix">
  <rows>10</rows>
  <cols>6</cols>
  <dt>d</dt>
  <data>
    -3.2446358825771310e-01 -5.4385489587757208e-01
    3.9840822339157499e-02 -2.5212181471600317e+02
    -2.0831831758768612e+02 6.0289464801156157e+02
    -3.1709280059337580e-01 -5.5580787029048451e-01
    3.2352773416189036e-02 -2.5331660597245619e+02
    -2.0827048399545603e+02 5.9935900163012695e+02
    -2.4513990168554969e-01 -5.0149915487931818e-01
    2.7940067264433890e-02 -2.5249322701619113e+02
    -2.0459201273412458e+02 5.8320407286063403e+02
    -2.6001909232349302e-01 -5.6717734325956515e-01
    -2.4196733709466711e-01 -2.7497324917040032e+02
    -1.3033885339327298e+02 5.2226736194472153e+02
    -1.4733643640887334e-01 -1.7143607607398192e-01
    -1.1296285476401650e-01 -2.1037574621409181e+02
    -1.7196435150428363e+02 6.2833707507608710e+02
    -1.9461227620312910e-01 1.5717031864409217e-01
    -3.4501075600451465e-02 -1.6323132858795094e+02
    -1.8728364336362600e+02 6.5793022798670040e+02
    -1.9102863371240178e-01 1.5309682038683609e-01
    -3.9357044569194491e-02 -1.6286059223104959e+02
    -1.8586946430637218e+02 6.5726458697947146e+02
    -1.7997198653750052e-01 1.5763160800759302e-01
    -3.9794817755090132e-02 -1.6376687632181878e+02
    -1.8602661507244980e+02 6.5844768479221591e+02
    -1.3666542183557798e-01 9.9473971335715700e-02
    -1.7683767506938841e-01 -1.6015577628056516e+02
    -1.6889556660102363e+02 6.4392014590061513e+02
    -1.3825467949799708e-01 1.1433038740893152e-01
    -1.6501860735331345e-01 -1.6406743626723068e+02
    -1.6794673440199520e+02 6.4467812030760149e+02</data></Extrinsic_Parameters>
<Image_points type_id="opencv-matrix">
  <rows>10</rows>
  <cols>54</cols>
  <dt>"2f"</dt>
  <data>
    3.90286102e+02 1.75885300e+02 5.26440857e+02 2.24616257e+02
    6.49840759e+02 2.71409821e+02 7.57732910e+02 3.20489258e+02
    8.62978821e+02 3.60962524e+02 9.69210144e+02 3.92409668e+02
    1.07551245e+03 4.15708374e+02 1.18038245e+03 4.32595581e+02
    1.27753235e+03 4.55745667e+02 3.76874542e+02 2.97740601e+02
    5.14150269e+02 3.42522614e+02 6.37107178e+02 3.86828278e+02
    7.47242676e+02 4.31515045e+02 8.58483704e+02 4.64946228e+02
    9.69316650e+02 4.90344330e+02 1.07971960e+03 5.08360992e+02
    1.18700745e+03 5.23452148e+02 1.28838623e+03 5.41648621e+02
    3.62738159e+02 4.22529297e+02 5.00738831e+02 4.63903290e+02
    6.23057922e+02 5.05881195e+02 7.39513184e+02 5.43675842e+02
    8.55087036e+02 5.70732605e+02 9.70861938e+02 5.89708252e+02
    1.08444946e+03 6.04317749e+02 1.19341113e+03 6.18881470e+02
    1.29844873e+03 6.33344055e+02 3.47573242e+02 5.51991882e+02
    4.86361176e+02 5.90297485e+02 6.10868469e+02 6.27360840e+02
    7.32726929e+02 6.57794861e+02 8.53801636e+02 6.77500061e+02
    9.73667480e+02 6.91581421e+02 1.08934082e+03 7.05528931e+02
    1.20103687e+03 7.17719299e+02 1.30763770e+03 7.31354736e+02
    3.31151184e+02 6.85625183e+02 4.71045898e+02 7.19816650e+02
    6.00296631e+02 7.50134705e+02 7.28175476e+02 7.73747986e+02
    8.53100159e+02 7.88791443e+02 9.75410767e+02 8.00130432e+02
    1.09341882e+03 8.12432434e+02 1.20761609e+03 8.22379333e+02
    1.31717529e+03 8.32953064e+02 3.15615265e+02 8.21823425e+02
    4.58100494e+02 8.50327515e+02 5.91894714e+02 8.75183350e+02
    7.24385254e+02 8.92004639e+02 8.52768738e+02 9.03495544e+02
    9.77139465e+02 9.13748108e+02 1.09820471e+03 9.23187561e+02
    1.21451660e+03 9.31058655e+02 1.32630835e+03 9.39450134e+02
    3.82293762e+02 1.68588928e+02 5.18343567e+02 2.19579620e+02
    6.41130554e+02 2.67559601e+02 7.48625427e+02 3.16595612e+02
    8.54096008e+02 3.56757385e+02 9.60276367e+02 3.87988098e+02
    1.06677991e+03 4.10562317e+02 1.17183667e+03 4.26622711e+02
    1.26888440e+03 4.49257202e+02 3.69792938e+02 2.92764069e+02
    5.07035980e+02 3.39222931e+02 6.29237976e+02 3.84115784e+02
    7.39193787e+02 4.28454559e+02 8.50527283e+02 4.61550995e+02
    9.61221802e+02 4.86434082e+02 1.07194983e+03 5.03561005e+02
    1.17933533e+03 5.17796692e+02 1.28071411e+03 5.35201294e+02
    3.56607483e+02 4.19677246e+02 4.94678650e+02 4.61805176e+02
    6.16421936e+02 5.03642059e+02 7.32521790e+02 5.41073547e+02
    8.48067200e+02 5.67854370e+02 9.63974548e+02 5.86332764e+02
    1.07763843e+03 5.99834656e+02 1.18674817e+03 6.13581848e+02
    1.29170581e+03 6.27059998e+02 3.42619324e+02 5.50808167e+02
    4.81225647e+02 5.89155762e+02 6.05478271e+02 6.25996216e+02
    7.26882080e+02 6.56088501e+02 8.47864868e+02 6.75457642e+02
    9.67773865e+02 6.88441345e+02 1.08356335e+03 7.01450500e+02
    1.19537732e+03 7.12647217e+02 1.30181409e+03 7.25409912e+02
    3.27473969e+02 6.85775452e+02 4.67149872e+02 7.19610840e+02
    5.95981873e+02 7.49645142e+02 7.23203857e+02 7.72929932e+02
    8.48247925e+02 7.87230896e+02 9.70663025e+02 7.97504395e+02
    1.08876318e+03 8.08723694e+02 1.20285168e+03 8.17557678e+02
    1.31238477e+03 8.27088745e+02 3.13061157e+02 8.23260315e+02
    4.55307922e+02 8.51175781e+02 5.88537292e+02 8.75676697e+02
    7.20702454e+02 8.91754395e+02 8.49069580e+02 9.02380188e+02
    9.73364563e+02 9.11354248e+02 1.09433252e+03 9.19690918e+02
    1.21080627e+03 9.26320129e+02 1.32244775e+03 9.33720642e+02
    3.47739777e+02 1.85507706e+02 4.92513733e+02 2.16103271e+02
    6.27013977e+02 2.49988937e+02 7.50196899e+02 2.87788177e+02
    8.65083374e+02 3.22510071e+02 9.74771606e+02 3.53661072e+02
    1.08413574e+03 3.78220490e+02 1.19274255e+03 3.95337006e+02
    1.29310193e+03 4.18097198e+02 3.37302582e+02 3.12065735e+02
    4.82844330e+02 3.40696686e+02 6.17147766e+02 3.73285370e+02
    7.40896118e+02 4.07206543e+02 8.58508362e+02 4.36980255e+02
    9.72651733e+02 4.61805267e+02 1.08661414e+03 4.79852997e+02
    1.19724609e+03 4.95040497e+02 1.30196375e+03 5.12477173e+02
    3.26288361e+02 4.41371399e+02 4.72717743e+02 4.68577942e+02
    6.06375793e+02 4.99094299e+02 7.32748779e+02 5.27600830e+02
    8.53632446e+02 5.51802063e+02 9.72690125e+02 5.70217896e+02
    1.08969165e+03 5.84498230e+02 1.20158105e+03 5.98639587e+02
    1.30949182e+03 6.12627380e+02 3.14824371e+02 5.75280579e+02
    4.61473724e+02 6.01229431e+02 5.96434143e+02 6.27249390e+02
    7.26184814e+02 6.49759644e+02 8.51231018e+02 6.67208252e+02
    9.73984619e+02 6.80779358e+02 1.09236292e+03 6.94144165e+02
    1.20685022e+03 7.05674011e+02 1.31584131e+03 7.18704468e+02
    3.02993225e+02 7.12898682e+02 4.50278046e+02 7.35478516e+02
    5.88218628e+02 7.55551086e+02 7.21765808e+02 7.72665344e+02
    8.49431152e+02 7.86280457e+02 9.73905396e+02 7.97194275e+02
    1.09407251e+03 8.08556091e+02 1.21063293e+03 8.17808105e+02
    1.32226624e+03 8.27516296e+02 2.91963715e+02 8.51784485e+02
    4.41044556e+02 8.69417480e+02 5.81837585e+02 8.84982239e+02
